2010_000889
007089
004746
2009_004532
2011_000780
009287
2008_006382
2010_001934
2008_004036
2010_004173
2008_000176
002045
2011_001862
2011_000477
2011_002697
006233
2008_008725
2010_001036
007538
2009_002676
2008_002776
000997
005081
2009_001326
2011_000725
2011_000485
2008_006543
2009_003522
2008_008511
009603
2008_008206
006719
2009_002054
2009_001493
2011_002674
002891
007524
2009_002317
2009_003087
2008_001199
2011_001854
001858
2010_005922
2008_006282
002058
004867
003611
003301
2008_001649
2010_003779
2010_002873
2010_003467
2009_001812
009283
009773
2008_004431
002055
2011_000971
2009_003613
2010_005731
2010_001315
2008_004515
2010_005424
2008_006682
2008_000817
000294
2008_006433
2010_000602
2008_008043
2009_001848
2009_004986
2008_004106
2011_001611
006124
2008_007124
2009_002792
2008_006285
007868
2008_001070
2008_008671
2008_000626
2008_000078
009734
007809
2008_000815
2010_000254
2010_003630
006896
2011_003059
004033
002757
007040
009166
001110
2008_003881
2008_000619
2010_002747
2009_003507
009155
000492
000000288880
000000518293
000000223777
000000446461
000000507966
000000301432
000000579029
000000092014
000000024319
000000276549
000000489695
000000423919
000000316342
000000044054
000000109894
000000119600
000000024061
000000175142
000000158222
000000129247
000000382386
000000294348
000000429084
000000101772
000000256337
000000040705
000000433182
000000493048
000000362122
000000242739
000000220135
000000542594
000000317102
000000364139
000000467847
000000469658
000000519157
000000336040
000000451228
000000376875
000000332663
000000048641
000000421389
000000321427
000000293057
000000070255
000000366659
000000297009
000000162579
000000265324
000000353321
000000243773
000000093953
000000554750
000000312423
000000389634
000000219859
000000087007
000000052388
000000490857
000000471350
000000343860
000000215626
000000271280
000000033871
000000249288
000000167450
000000358359
000000463467
000000468341
000000162773
000000208381
000000095027
000000495860
000000533069
000000119358
000000048708
000000181296
000000079392
000000400983
000000508055
000000315232
000000067749
000000408672
000000125128
000000416936
000000147915
000000473651
000000280554
000000093331
000000266961
000000476104
000000094701
000000363549
000000295798
000000105757
000000435451
000000547089
000000061606
000000365282
000000394697
000000578055
000000086725
000000202923
000000252894
000000284893
000000330124
000000146710
000000458349
000000525619
000000290370
000000172420
000000405823
000000431383
000000206435
000000213577
000000095959
000000423234
000000293820
000000392632
000000321363
000000036828
000000338903
000000312591
000000138670
000000541691
000000220638
000000013983
000000250292
000000442441
000000555074
000000327590
000000015382
000000198923
000000287310
000000538320
000000344491
000000230884
000000253576
000000554340
000000351654
000000211593
000000093793
000000247976
000000104906
000000464188
000000064611
000000361375
000000012069
000000094885
000000457074
000000353884
000000324052
000000383111
000000076681
000000547284
000000193471
000000469768
000000045685
000000176477
000000496127
000000209794
000000502857
000000369889
000000269693
000000138100
000000447767
000000167494
000000361021
000000513861
000000394794
000000204137
000000167551
000000338061
000000074462
000000453959
000000130245
000000370145
000000559836
000000371322
000000112959
000000215558
000000561950
000000012754
000000237990
000000162882
000000479680
000000052484
000000192780
000000365911
000000581662
000000381208
000000059979
000000397184
000000308849
000000350842
000000489218
000000517084
000000275657
000000246197
