000000007205
000000402271
000000144812
000000410711
000000409443
000000284805
000000136609
000000285074
000000150875
000000134288
000000268130
000000150996
000000021569
000000264940
000000526695
000000009176
000000530171
000000275102
000000417946
000000531111
000000530713
000000286787
000000415768
000000154507
000000014377
000000004338
000000405213
000000132094
000000133175
000000001852
000000415225
000000012422
000000274551
000000409414
000000268693
000000402373
000000151694
000000133622
000000527759
000000400593
000000543525
000000282871
000000285897
000000022196
000000145666
000000276376
000000539359
000000411082
000000526132
000000149381
000000547903
000000152108
000000278923
000000539566
000000008789
000000286820
000000021964
000000405815
000000275175
000000393297
000000011422
000000396977
000000285629
000000136021
000000140017
000000547106
000000401622
000000152751
000000548416
000000411881
000000262519
000000414546
000000012319
000000008688
000000529069
000000011926
000000155515
000000135741
000000533250
000000009548
000000282316
000000407334
000000405747
000000417039
000000543385
000000142130
000000274784
000000279060
000000408252
000000277072
000000265574
000000149398
000000529507
000000412613
000000416405
000000404460
000000131171
000000014998
000000153697
000000395557
000000006241
000000268406
000000280721
000000020796
000000528875
000000023448
000000282879
000000145856
000000000590
000000145700
000000416976
000000266712
000000013843
000000542211
000000542384
000000406959
000000417144
000000395531
000000400576
000000394330
000000020018
000000276204
000000008761
000000141448
000000002559
000000403730
000000545126
000000003518
000000019060
000000538944
000000024636
000000540068
000000155921
000000410889
000000411368
000000399680
000000146591
000000406749
000000524502
000000016680
000000275660
000000276852
000000139702
000000286361
000000402788
000000016839
000000150779
000000132798
000000286760
000000534191
000000534659
000000267812
000000277798
000000153561
000000138155
000000548169
000000007506
000000529636
000000524725
000000023803
000000140613
000000285562
000000010077
000000000078
000000537222
000000283583
000000008731
000000265612
000000285908
000000153055
000000134502
000000409614
000000280236
000000136487
000000265896
000000412571
000000545849
000000149251
000000133034
000000263246
000000537649
000000532778
000000268190
000000276549
000000132993
000000022257
000000016701
000000271283
000000275173
000000136599
000000263281
000000133791
000000532267
000000530064
000000009195
000000011360
000000151482
000000012786
000000134199
000000278646
000000008081
000000278496
000000134863
000000277162
000000281567
000000405400
000000265036
000000399358
000000146685
000000527879
000000411658
000000270758
000000013524
000000284153
000000409884
000000404753
000000413001
000000271324
000000135894
000000285214
000000145155
000000145290
000000022098
000000536786
000000524838
000000402619
000000136977
000000407019
000000276634
000000411349
000000393854
000000285342
000000410375
000000021994
000000405886
000000535233
000000024136
000000003080
000000526980
000000139130
000000024498
000000278983
000000020860
000000413222
000000283809
000000139541
000000279784
000000021945
000000281442
000000407520
000000408098
000000396120
000000526030
000000148348
000000280732
000000149027
000000145755
000000150932
000000401569
000000277046
000000531523
000000401384
000000020692
000000154607
000000543192
000000135564
000000267898
000000132104
000000265631
000000282841
000000544883
000000143927
000000531948
000000268993
000000548690
000000150089
000000528941
000000272492
000000003690
000000155309
000000281683
000000395185
000000408417
000000273118
000000278457
000000018748
000000540030
000000154301
000000008603
000000004706
000000000144
000000007823
000000267531
000000147537
000000528664
000000269600
000000139049
000000416476
000000267715
000000138782
000000009217
000000277700
000000007855
000000280424
000000409953
000000539755
000000155743
000000541182
000000275656
000000267647
000000143245
000000545526
000000140295
000000020164
000000271568
000000139785
000000271897
000000406332
000000417055
000000013517
000000144985
000000008290
000000281365
000000285352
000000143174
000000396193
000000015386
000000398454
000000139333
000000279780
000000415619
000000545111
000000531391
000000408029
000000404388
000000545101
000000524977
000000135438
000000023309
000000406954
000000270778
000000539129
000000281599
000000281924
000000281385
000000138079
000000263039
000000270001
000000008953
000000138032
000000013832
000000534334
000000003217
000000401944
000000537721
000000544481
000000137578
000000264236
000000148306
000000015203
000000154725
000000007796
000000413678
000000527575
000000148215
000000153105
000000008531
000000013789
000000407039
000000526133
000000532155
000000546985
000000019927
000000154650
000000403913
000000142903
000000397143
000000024450
000000020747
000000278243
000000411436
000000548875
000000272613
000000528049
000000280324
000000022582
000000136926
000000393979
000000416884
000000144176
000000400792
000000143334
000000133874
000000143449
000000001739
000000131074
000000023400
000000413736
000000287025
000000285450
000000399011
000000401198
000000276444
000000276918
000000150788
000000275335
000000153016
000000282583
000000140435
000000397075
000000529671
000000403936
000000280530
000000282328
000000545903
000000150254
000000531490
000000401623
000000150026
000000134167
000000529570
000000004575
000000269799
000000015179
000000528084
000000397203
000000414416
000000394481
000000548171
000000145087
000000009180
000000536587
000000015614
000000535524
000000528544
000000135193
000000546245
000000011361
000000286233
000000271484
000000008773
000000024845
000000141201
000000148102
000000416776
000000278229
000000140010
000000147866
000000403579
000000011147
000000142856
000000282070
000000278570
000000546494
000000009069
000000149338
000000541421
000000279027
000000268848
000000133377
000000532124
000000012181
000000400274
000000005010
000000525625
000000270502
000000540259
000000006809
000000413341
000000263881
000000023444
000000403535
000000277788
000000544348
000000140285
000000394009
000000262262
000000271712
000000533979
000000131533
000000524690
000000415340
000000020512
000000284628
000000405527
000000525953
000000280840
000000146700
000000524694
000000412800
000000273369
000000274184
000000271964
000000410344
000000541472
000000546074
000000537145
000000414482
000000531499
000000548722
000000151405
000000271231
000000140456
000000533688
000000264347
000000142487
000000278962
000000401820
000000394814
000000402717
000000277481
000000546242
000000406988
000000017856
000000024351
000000406050
000000542602
000000535242
000000542640
000000525698
000000410225
000000147030
000000277331
000000546292
000000263311
000000007936
000000413232
000000409078
000000136542
000000268032
000000262576
000000147131
000000526645
000000151054
000000275970
000000266115
000000003764
000000542950
000000408048
000000539371
000000018319
000000534923
000000395505
000000405376
000000010395
000000536683
000000001472
000000543631
000000269590
000000399532
000000403553
000000394458
000000146601
000000279443
000000531431
000000534130
000000405032
000000143051
000000144747
000000536823
000000137109
000000416641
000000415964
000000263767
000000133517
000000144320
000000012010
000000531607
000000011712
000000284042
000000147895
000000273576
000000001099
000000013432
000000284170
000000540746
000000000584
000000524662
000000396625
000000010125
000000139633
000000137661
000000280515
000000013150
000000141756
000000538133
000000137733
000000007697
000000409166
000000020679
000000024765
000000284686
000000264461
000000415697
000000532548
000000140730
000000150374
000000146465
000000003314
000000271122
000000276295
000000545278
000000263178
000000417638
000000399618
000000269372
000000402207
000000546647
000000000908
000000011323
000000403950
000000285646
000000410388
000000138836
000000008936
000000145391
000000022827
000000527972
000000011196
000000264539
000000533843
000000393228
000000149295
000000144182
000000544253
000000540388
000000542715
000000272738
000000001840
000000531617
000000543957
000000002531
000000282419
000000266562
000000278242
000000398948
000000411191
000000398236
000000146126
000000017154
000000017870
000000148002
000000401518
000000010420
000000270639
000000004038
000000280363
000000534168
000000395169
000000285914
000000417159
000000154207
000000532009
000000020475
000000262552
000000397863
000000003692
000000005352
000000545597
000000024802
000000000438
000000154363
000000400336
000000264020
000000010769
000000021217
000000526796
000000405209
000000401777
000000402386
000000403705
000000136111
000000005934
000000411823
000000272097
000000142245
000000149550
000000545534
000000533013
000000405778
000000395337
000000140053
000000154614
000000007202
000000001442
000000131884
000000285678
000000546620
000000537122
000000525891
000000007239
000000271157
000000409125
000000409217
000000393607
000000536292
000000544127
000000154556
000000139192
000000135010
000000001501
000000003335
000000268340
000000016193
000000262159
000000412267
000000417440
000000014276
000000146878
000000263477
000000015772
000000136338
000000280267
000000140590
000000262752
000000001779
000000005574
000000540760
000000537188
000000549122
000000412709
000000405718
000000272219
000000534037
000000534855
000000544009
000000018293
000000408456
000000131527
000000016903
000000016410
000000011554
000000410979
000000395703
000000142322
000000413776
000000531378
000000022158
000000020380
000000271654
000000411313
000000409774
000000542248
000000000387
000000528940
000000403907
000000138234
000000141993
000000543557
000000393989
000000527501
000000022113
000000152015
000000267680
000000020857
000000404273
000000134242
000000405945
000000285612
000000531392
000000546695
000000016720
000000139144
000000134475
000000393762
000000262933
000000398771
000000524621
000000407676
000000407266
000000138124
000000530782
000000407185
000000528992
000000023283
000000022230
000000149215
000000022899
000000266518
000000547367
000000155746
000000415322
000000543028
000000404066
000000416555
000000408873
000000018089
000000141827
000000411814
000000004477
000000278020
000000280226
000000135367
000000141139
000000014820
000000008934
000000019579
000000017896
000000531404
000000281074
000000008691
000000137227
000000002244
000000135364
000000131613
000000269199
000000151077
000000284383
000000145073
000000015565
000000546933
000000142581
000000265235
000000270938
000000005809
000000415665
000000263333
000000016689
000000265008
000000149188
000000013284
000000405563
000000145266
000000274678
000000286524
000000528342
000000002618
000000018014
000000409909
000000544717
000000001224
000000407289
000000283996
000000146249
000000538742
000000528408
000000002315
000000006464
000000020031
000000139695
000000406857
000000280157
000000021614
000000133515
000000002619
000000267852
000000549042
000000546963
000000285683
000000006016
000000009199
000000528541
000000147108
000000139306
000000546631
000000407214
000000272441
000000133161
000000279247
000000272758
000000406001
000000020536
000000285667
000000415911
000000530906
000000006363
000000270796
000000154435
000000015693
000000274074
000000264191
000000009759
000000012792
000000528261
000000404013
000000283743
000000149343
000000535126
000000134715
000000399045
000000277498
000000416774
000000264823
000000001737
000000402665
000000284493
000000134902
000000265161
000000000312
000000142207
000000400953
000000015400
000000017625
000000005754
000000530127
000000144480
000000393744
000000133131
000000540619
000000007778
000000143323
000000144484
000000152531
000000134538
000000140352
000000267242
000000549101
000000273497
000000148251
000000542202
000000012377
000000135037
000000023440
000000148884
000000408705
000000014781
000000408543
000000409744
000000269206
000000009822
000000147453
000000414108
000000287006
000000152003
000000146841
000000273106
000000023840
000000416766
000000285929
000000002570
000000538925
000000536045
000000148246
000000531167
000000405314
000000267880
000000006871
000000270846
000000145952
000000416739
000000528116
000000277088
000000021443
000000262608
000000281353
000000525568
000000146711
000000015404
000000272773
000000531289
000000135372
000000533293
000000276195
000000415971
000000528468
000000268770
000000542642
000000524369
000000018888
000000131190
000000141108
000000402970
000000148184
000000407861
000000264017
000000410687
000000398507
000000397291
000000006599
000000277665
000000547378
000000415901
000000286591
000000534151
000000151761
000000277659
000000396294
000000535262
000000402809
000000139486
000000528432
000000277393
000000142287
000000282479
000000019665
000000008245
000000285512
000000536884
000000138227
000000397044
000000402057
000000534183
000000138397
000000014483
000000401718
000000410670
000000024744
000000003941
000000531944
000000281939
000000021801
000000532527
000000140512
000000142656
000000021095
000000414111
000000012098
000000137842
000000414870
000000017892
000000409192
000000397181
000000004208
000000137190
000000407550
000000148761
000000151832
000000263845
000000540863
000000393601
000000151184
000000547612
000000139843
000000017235
000000000715
000000539675
000000535978
000000146730
000000016449
000000536317
000000022815
000000008776
000000541532
000000024045
000000416078
000000272626
000000015311
000000135322
000000548575
000000408263
000000283500
000000155839
000000283916
000000275821
000000410236
000000015301
000000544263
000000531045
000000155741
000000548393
000000529511
000000273288
000000017651
000000012204
000000272783
000000131128
000000137999
000000285686
000000400633
000000394759
000000398661
000000006473
000000019447
000000024547
000000413275
000000282772
000000021969
000000137045
000000024577
000000540464
000000393768
000000538190
000000132193
000000004318
000000134188
000000024287
000000010909
000000021588
000000265826
000000415269
000000275210
000000143167
000000412178
000000530117
000000400199
000000404781
000000274957
000000136929
000000533329
000000004880
000000544188
000000402507
000000263120
000000285388
000000018952
000000008160
000000279511
000000400235
000000542095
000000284025
000000138382
000000417689
000000285691
000000000321
000000136097
000000414082
000000154686
000000141468
000000544831
000000415839
000000136299
000000538411
000000134111
000000018751
000000144349
000000408393
000000274480
000000273618
000000536198
000000264838
000000397089
000000277463
000000268992
000000397693
000000538671
000000285748
000000008300
000000001059
000000155709
000000534686
000000268710
000000013876
000000536517
000000405621
000000001282
000000264161
000000532773
000000404270
000000136332
000000265243
000000546114
000000137094
000000009262
000000403910
000000024560
000000137004
000000132454
000000534918
000000280540
000000536519
000000277208
000000000194
000000142757
000000131725
000000394957
000000005383
000000274463
000000149423
000000154167
000000416356
000000144475
000000134213
000000397735
000000016543
000000150013
000000416972
000000533900
000000133051
000000416193
000000417079
000000274897
000000141219
000000285275
000000533825
000000000996
000000283168
000000143644
000000132531
000000152192
000000275276
000000006177
000000131731
000000526486
000000279522
000000279388
000000267708
000000154011
000000407737
000000132249
000000144635
000000264540
000000145093
000000395432
000000016009
000000145935
000000545317
000000135730
000000535133
000000399615
000000150812
000000284979
000000143501
000000002279
000000404046
000000284147
000000146586
000000148516
000000004394
000000266103
000000406015
000000015107
000000277697
000000408336
000000280926
000000408672
000000285961
000000134066
000000132682
000000269718
000000280678
000000021921
000000532559
000000140988
000000007393
000000284794
000000547985
000000017216
000000009975
000000405088
000000150309
000000545663
000000264381
000000399746
000000262654
000000001902
000000022767
000000413782
000000546179
000000134542
000000274697
000000398580
000000278936
000000015963
000000544246
000000532495
000000546070
000000267780
000000152898
000000267146
000000411400
000000398407
000000141795
000000534308
000000010702
000000136783
000000416819
000000534019
000000005758
000000015112
000000524834
000000015870
000000279264
000000410096
000000000092
000000145742
000000132902
000000151178
000000408101
000000535448
000000008128
000000008267
000000267583
000000286537
000000399558
000000001355
000000276554
000000022340
000000403329
000000018917
000000406826
000000148400
000000405994
000000412040
000000140067
000000527962
000000136286
000000545235
000000414401
000000013482
000000283196
000000149583
000000022324
000000394334
000000007721
000000544250
000000398350
000000279939
000000018918
000000005540
000000020912
000000276836
000000138164
000000152759
000000270381
000000540186
000000410797
000000280847
000000019711
000000002150
000000274684
000000010400
000000276645
000000004705
000000532147
000000526029
000000268809
000000262748
000000135305
000000393794
000000140850
000000012883
000000137763
000000539071
000000016848
000000397473
000000136400
000000405544
000000016111
000000393583
000000022704
000000262213
000000281763
000000531444
000000411700
000000406732
000000023320
000000269973
000000138982
000000539224
000000394132
000000537720
000000543916
000000267217
000000415447
000000020261
000000410781
000000155582
000000283632
000000524916
000000000670
000000404886
000000267624
000000540103
000000278336
000000144157
000000399337
000000271198
000000411871
000000136587
000000131965
000000401670
000000542713
000000022287
000000152913
000000284348
000000548464
000000132612
000000395268
000000154610
000000276311
000000132686
000000413120
000000150576
000000139492
000000534901
000000018385
000000535651
000000012986
000000017152
000000285804
000000006753
000000266274
000000022377
000000135845
000000151092
000000398349
000000140921
000000406286
000000412612
000000541816
000000013159
000000153126
000000409179
000000410633
000000146760
000000533125
000000143522
000000528756
000000403692
000000149179
000000001803
000000280731
000000269504
000000280810
000000402867
000000530226
000000151915
000000023541
000000536996
000000538557
000000281019
000000023677
000000140974
000000132330
000000268586
000000138148
000000404486
000000133741
000000283984
000000282286
000000153656
000000015274
000000001064
000000000491
000000404537
000000144196
000000277907
000000006451
000000271864
000000265748
000000413090
000000138494
000000139482
000000141477
000000399893
000000534593
000000279997
000000004481
000000024095
000000132059
000000001997
000000286100
000000273324
000000268583
000000263147
000000147142
000000547131
000000266503
000000017613
000000403882
000000141316
000000410849
000000277466
000000149456
000000537692
000000528972
000000001781
000000007145
000000000955
000000000827
000000018531
000000279596
000000147615
000000275603
000000149429
000000155380
000000404783
000000541298
000000134755
000000400872
000000010547
000000144062
000000138303
000000263135
000000024499
000000416639
000000532277
000000023759
000000282186
000000286903
000000009791
000000541601
000000282793
000000393394
000000142177
000000013333
000000273772
000000009248
000000000941
000000139403
000000011948
000000276964
000000415222
000000149444
000000281878
000000394441
000000010907
000000144250
000000284545
000000279920
000000006091
000000009214
000000137995
000000272068
000000134640
000000399835
000000141741
000000414122
000000009509
000000283982
000000145083
000000024671
000000148703
000000273979
000000539422
000000270558
000000545310
000000013336
000000264620
000000397826
000000146813
000000262986
000000022194
000000015155
000000131126
000000266536
000000285023
000000544349
000000407976
000000133426
000000543183
000000016825
000000140375
000000546581
000000134413
000000011324
000000532612
000000283557
000000002451
000000146131
000000015085
000000024319
000000138810
000000133237
000000286594
000000529238
000000008195
000000395124
000000021166
000000528200
000000416326
000000007251
000000140922
000000415976
000000284365
000000534203
000000262393
000000285307
000000270651
000000265084
000000151358
000000272706
000000399672
000000410608
000000404254
000000547411
000000402004
000000403265
000000415203
000000277888
000000007095
000000280787
000000137284
000000022456
000000275929
000000016716
000000019647
000000022710
000000267762
000000138832
000000534564
000000525559
000000526521
000000536716
000000271986
000000402071
000000139436
000000279877
000000395293
000000270070
000000006211
000000548768
000000003737
000000274835
000000281950
000000146149
000000286794
000000407030
000000273188
000000136779
000000152110
000000417190
000000266853
000000398362
000000151100
000000274422
000000412356
000000263302
000000268310
000000403394
000000139889
000000285477
000000531703
000000137925
000000276913
000000147553
000000405662
000000284925
000000403104
000000014006
000000146301
000000544449
000000544347
000000544472
000000284494
000000132523
000000543236
000000149365
000000274651
000000538604
000000136141
000000410932
000000007931
000000012902
000000548528
000000154209
000000526341
000000135460
000000152980
000000009186
000000021061
000000009857
000000407970
000000527363
000000016735
000000276332
000000144283
000000132453
000000278486
000000144224
000000537157
000000131203
000000137096
000000536274
000000526391
000000530202
000000267770
000000400299
000000270959
000000527164
000000394100
000000403335
000000393696
000000154241
000000019388
000000262662
000000152197
000000400133
000000282894
000000004308
000000016233
000000409027
000000012326
000000152732
000000547100
000000145614
000000016292
000000012416
000000283445
000000395744
000000413600
000000143256
000000001907
000000023696
000000265589
000000401231
000000414754
000000539478
000000010407
000000145873
000000148343
000000269678
000000396784
000000134430
000000535037
000000402598
000000398388
000000152677
000000281017
000000007729
000000406709
000000142113
000000014271
000000274398
000000399984
000000527391
000000530729
000000145488
000000137794
000000145056
000000394523
000000530772
000000415967
000000544215
000000134231
000000525860
000000131570
000000411350
000000274254
000000004754
000000013016
000000280007
000000133195
000000273688
000000544644
000000395456
000000264962
000000262386
000000275001
000000275837
000000018864
000000398523
000000286910
000000414667
000000271888
000000404424
000000016673
000000405742
000000408492
000000153980
000000152860
000000544094
000000017966
000000001496
000000405852
000000274017
000000139210
000000394801
000000546088
000000534271
000000275245
000000276528
000000274731
000000143822
000000011721
000000408333
000000405104
000000533750
000000403020
000000530863
000000265344
000000155269
000000155849
000000016995
000000415039
000000019226
000000262900
000000280112
000000140129
000000406743
000000022564
000000285200
000000537397
000000155540
000000412857
000000140682
000000406068
000000133462
000000132297
000000267697
000000535643
000000534735
000000548053
000000018425
000000406359
000000532419
000000527184
000000274613
000000410924
000000397187
000000021346
000000143329
000000536199
000000136540
000000004517
000000395469
000000410657
000000018350
000000530461
000000541514
000000151842
000000279881
000000542112
000000137583
000000538513
000000144809
000000149785
000000132485
000000154140
000000150685
000000280320
000000153987
000000014396
000000023014
000000015049
000000541255
000000141770
000000540508
000000533941
000000545749
000000282565
000000000757
000000010421
000000273123
000000008394
000000417006
000000275868
000000270303
000000411727
000000542146
000000267160
000000534935
000000015809
000000272196
000000398139
000000402829
000000544691
000000395269
000000404148
000000272991
000000280532
000000529562
000000541408
000000153307
000000132964
000000524331
000000400443
000000397278
000000133693
000000532102
000000133879
000000410531
000000284688
000000286962
000000278660
000000416749
000000282440
000000154414
000000286858
000000537907
000000542527
000000152255
000000276343
000000537395
000000012321
000000263714
000000534035
000000539915
000000414686
000000410947
000000539302
000000538359
000000019852
000000407365
000000543164
000000153567
000000414750
000000012382
000000542988
000000274331
000000004794
000000262704
000000137006
000000133273
000000547388
000000022649
000000281210
000000412996
000000009060
000000547760
000000011496
000000017946
000000263784
000000014282
000000535997
000000018820
000000144915
000000018940
000000155575
000000401083
000000526956
000000004785
000000002388
000000412847
000000007361
000000532131
000000019349
000000405999
000000398850
000000414787
000000415849
000000397322
000000408854
000000398666
000000543010
000000526827
000000272630
000000017089
000000134532
000000395452
000000266058
000000287027
000000153259
000000268938
000000024530
000000401157
000000152526
000000284778
000000528131
000000281034
000000024393
000000150040
000000397388
000000135900
000000141051
000000281508
000000540959
000000404007
000000009287
000000268396
000000281280
000000276386
000000532351
000000270295
000000280911
000000532810
000000407487
000000013356
000000531307
000000416026
000000134649
000000283638
000000401946
000000000508
000000011605
000000268444
000000543534
000000147618
000000530396
000000411931
000000393379
000000409588
000000399825
000000401653
000000144194
000000545263
000000132313
000000277165
000000527571
000000021254
000000003149
000000541893
000000538407
000000396494
000000150212
000000006178
000000131351
000000147838
000000266310
000000526042
000000283432
000000285018
000000141600
000000023774
000000403851
000000547036
000000536433
000000009127
000000146901
000000001792
000000137591
000000276740
000000535579
000000017873
000000139634
000000154811
000000141232
000000532967
000000270379
000000016573
000000018191
000000018078
000000286376
000000265059
000000023588
000000524724
000000528731
000000549117
000000002066
000000134951
000000012620
000000538451
000000527520
000000401037
000000141400
000000132316
000000406666
000000136154
000000154885
000000269020
000000414948
000000150378
000000006688
000000008234
000000534857
000000267586
000000155569
000000537037
000000534107
000000154654
000000528071
000000533751
000000398290
000000146541
000000263968
000000410231
000000286702
000000016251
000000135226
000000153162
000000543171
000000414577
000000539908
000000524975
000000413297
000000525615
000000405137
000000140588
000000150365
000000003782
000000401910
000000401173
000000150283
000000546300
000000015096
000000265544
000000007669
000000271729
000000407198
000000149252
000000009908
000000133412
000000005418
000000015830
000000404795
000000000620
000000137275
000000536730
000000525815
000000022270
000000137210
000000542511
000000414539
000000403114
000000265737
000000408930
000000136881
000000412880
000000539777
000000525824
000000393692
000000542359
000000408221
000000410091
000000142340
000000002544
000000000801
000000540820
000000278763
000000137836
000000010115
000000271351
000000532128
000000011758
000000541887
000000018647
000000396608
000000535688
000000018874
000000538957
000000004931
000000022191
000000015927
000000006160
000000270239
000000279503
000000399009
000000004463
000000269862
000000409500
000000525189
000000138896
000000002849
000000533074
000000547858
000000147547
000000404095
000000010217
000000545678
000000413121
000000263727
000000284274
000000139075
000000024582
000000393721
000000544026
000000009709
000000020820
000000145956
000000135976
000000394841
000000262965
000000394866
000000528868
000000275263
000000286751
000000546171
000000541730
000000416565
000000018347
000000002621
000000405459
000000404750
000000396811
000000542699
000000526793
000000004245
000000002521
000000022090
000000411257
000000405851
000000143820
000000524531
000000397307
000000155126
000000016046
000000395735
000000534581
000000275557
000000152857
000000150185
000000137123
000000274682
000000530783
000000012213
000000144161
000000539678
000000000025
000000536429
000000000797
000000004415
000000535917
000000416841
000000262623
000000406386
000000407372
000000269749
000000400406
000000266093
000000015618
000000273045
000000402027
000000396685
000000396337
000000415670
000000280879
000000412330
000000268496
000000265819
000000023981
000000015528
000000537149
000000155578
000000022382
000000263268
000000277329
000000404229
000000279047
000000415818
000000006721
000000540642
000000151900
000000409155
000000152749
000000131826
000000272421
000000147546
000000529802
000000533011
000000010327
000000272673
000000283631
000000138904
000000284010
000000279672
000000532403
000000133428
000000272487
000000286429
000000409855
000000018291
000000280429
000000012461
000000144173
000000400847
000000402820
000000146509
000000022747
000000132497
000000001647
000000024323
000000417193
000000004079
000000539676
000000406531
000000145682
000000269380
000000405291
000000547863
000000545293
000000000612
000000403028
000000137110
000000145280
000000010039
000000023199
000000144053
000000410648
000000262599
000000532926
000000146237
000000543961
000000272610
000000016518
000000537622
000000021475
000000139426
000000534049
000000145259
000000280619
000000409394
000000009478
000000547637
000000004093
000000544786
000000153780
000000271590
000000398563
000000545325
000000547072
000000404596
000000008332
000000543413
000000268292
000000405729
000000001063
000000024702
000000394288
000000132161
000000399668
000000141659
000000142470
000000543233
000000004132
000000140438
000000536729
000000413070
000000405041
000000139796
000000018292
000000010432
000000530377
000000147196
000000012597
000000015569
000000140210
000000407975
000000540162
000000398682
000000548388
000000286442
000000015595
000000007934
000000526560
000000010935
000000544875
000000404147
000000136170
000000154173
000000406926
000000286285
000000143420
000000408660
000000529353
000000273053
000000537035
000000542150
000000008958
000000270747
000000135161
000000136411
000000533030
000000266451
000000412874
000000148479
000000537671
000000001084
000000135680
000000015802
000000397269
000000138192
000000011297
000000138069
000000544371
000000262466
000000416484
000000416741
000000132935
000000535056
000000022563
000000021915
000000537349
000000011202
000000151558
000000274360
000000416936
000000019981
000000278706
000000279909
000000407990
000000415434
000000266360
000000280825
000000142280
000000394900
000000547156
000000394126
000000540885
000000150360
000000543922
000000272804
000000409623
000000012357
000000144897
000000150301
000000133030
000000145896
000000411291
000000263454
000000132432
000000148394
000000534988
000000268986
000000143010
000000148196
000000284324
000000399220
000000414700
000000149668
000000537553
000000410493
000000400870
000000266176
000000268390
000000276133
000000271051
000000013468
000000015862
000000277435
000000539768
000000143096
000000016209
000000281427
000000541782
000000138057
000000533896
000000531171
000000543762
000000150920
000000403518
000000541086
000000021097
000000024238
000000151722
000000281959
000000547297
000000000514
000000409369
000000274803
000000535501
000000279578
000000155376
000000001238
000000409525
000000539235
000000541004
000000272385
000000532107
000000544086
000000279154
000000410437
000000015259
000000006527
000000283881
000000524848
000000412855
000000140021
000000543041
000000275035
000000023729
000000528507
000000264618
000000142622
000000526227
000000409275
000000413021
000000153907
000000548704
000000132041
000000541264
000000132795
000000529203
000000284560
000000538814
000000402869
000000410216
000000152776
000000406725
000000538844
000000005253
000000527891
000000015185
000000526747
000000401124
000000002061
000000139004
000000284706
000000281562
000000267598
000000404271
000000547465
000000015930
000000134590
000000415953
000000008830
000000537382
000000406201
000000005692
000000011042
000000280413
000000024036
000000286153
000000271522
000000022880
000000393486
000000284111
000000132706
000000018886
000000281035
000000543729
000000263264
000000543268
000000000208
000000410447
000000548848
000000023368
000000018476
000000534974
000000277055
000000007028
000000154212
000000277613
000000548792
000000411385
000000285614
000000413871
000000401212
000000412978
000000265361
000000400045
000000147016
000000264554
000000544975
000000416054
000000532520
000000149091
000000417804
000000016836
000000000661
000000264434
000000538819
000000144718
000000525587
000000285002
000000546693
000000149117
000000143425
000000404626
000000283970
000000005151
000000530212
000000133636
000000265096
000000528129
000000021382
000000005046
000000149376
000000132373
000000135042
000000524927
000000266133
000000148004
000000417410
000000544288
000000001392
000000143984
000000149469
000000136077
000000410482
000000021246
000000409566
000000023433
000000285253
000000149078
000000527656
000000526850
000000149196
000000152238
000000019136
000000137717
000000541880
000000143716
000000269327
000000273358
000000274224
000000403398
000000016119
000000524404
000000278907
000000279334
000000396166
000000136002
000000153998
000000543494
000000023699
000000134194
000000266442
000000402712
000000540830
000000151573
000000403774
000000140130
000000545930
000000133496
000000000250
000000138456
000000144115
000000268826
000000531369
000000534291
000000396010
000000411475
000000414711
000000404282
000000146722
000000281789
000000275279
000000410743
000000547387
000000152070
000000542529
000000530860
000000396304
000000151651
000000015073
000000005180
000000142295
000000007398
000000266825
000000400124
000000532557
000000280189
000000137386
000000267055
000000529408
000000404748
000000533179
000000144330
000000001810
000000399200
000000400836
000000153288
000000269232
000000525462
000000141265
000000135303
000000534519
000000009723
000000528097
000000544746
000000153901
000000274063
000000001448
000000528119
000000021046
000000274570
000000394666
000000269798
000000534881
000000005678
000000134268
000000414648
000000146917
000000531752
000000542614
000000020652
000000271789
000000008998
000000279081
000000007753
000000267416
000000015525
000000405196
000000286162
000000013466
000000132106
000000284649
000000271419
000000546058
000000393805
000000540784
000000014475
000000002496
000000010440
000000283963
000000400027
000000278753
000000154878
000000540782
000000541324
000000265150
000000541456
000000155618
000000283043
000000020997
000000532083
000000148622
000000403345
000000016544
000000271577
000000402020
000000284469
000000402313
000000019899
000000131524
000000283715
000000019559
000000150924
000000268433
000000139675
000000530406
000000015318
000000262184
000000531765
000000402199
000000018414
000000415629
000000149895
000000134483
000000268750
000000544719
000000544427
000000524500
000000007241
000000540354
000000151458
000000416918
000000149422
000000409022
000000143339
000000538465
000000530266
000000538828
000000009211
000000277563
000000265982
000000262180
000000395444
000000536894
000000405108
000000403279
000000537389
000000131099
000000137927
000000142483
000000275529
000000415052
000000278452
000000134846
000000540483
000000401919
000000146824
000000010735
000000137730
000000017488
000000008473
000000013061
000000399262
000000400311
000000021671
000000018485
000000010858
000000008336
000000135972
000000017203
000000146563
000000530933
000000146672
000000016898
000000535318
000000020915
000000540107
000000155457
000000139958
000000401288
000000000982
000000405709
000000148859
000000014819
000000140813
000000009077
000000153723
000000149102
000000153047
000000543392
000000147246
000000533228
000000147879
000000531814
000000404869
000000542084
000000415806
000000536474
000000135875
000000141852
000000005785
000000015987
000000019980
000000405226
000000393682
000000398172
000000281273
000000398712
000000267942
000000279182
000000152618
000000268185
000000407593
000000283545
000000022087
000000405604
000000267951
000000023363
000000003178
000000546596
000000275663
000000397512
000000148358
000000398884
000000263482
000000278922
000000266611
000000415871
000000415119
000000282579
000000534578
000000413543
000000268266
000000401821
000000536100
000000267988
000000008549
000000540988
000000286482
000000005913
000000409098
000000002624
000000007504
000000412704
000000546021
000000536369
000000019581
000000271791
000000140761
000000399162
000000405645
000000278175
000000264886
000000543942
000000543354
000000014862
000000017997
000000547644
000000270106
000000134685
000000404785
000000274792
000000019484
000000147501
000000147027
000000279747
000000271079
000000006854
000000019836
000000283131
000000278045
000000403263
000000002024
000000140548
000000270166
000000024290
000000543239
000000410992
000000547460
000000016342
000000276325
000000141709
000000284351
000000023797
000000141805
000000024851
000000268905
000000404222
000000140736
000000411043
000000270354
000000537025
000000146583
000000020171
000000283147
000000008418
000000524954
000000271736
000000144167
000000534140
000000272217
000000530583
000000399829
000000411855
000000151282
000000141508
000000132758
000000410509
000000402378
000000146169
000000286254
000000149602
000000402305
000000524695
000000394008
000000024637
000000011694
000000005615
000000398613
000000405053
000000543872
000000545006
000000534554
000000543322
000000418002
000000008884
000000270323
000000143111
000000413865
000000417577
000000134028
000000529383
000000397479
000000270326
000000270195
000000526890
000000526104
000000538090
000000152774
000000398792
000000143110
000000134768
000000131504
000000533462
000000133125
000000002989
000000276004
000000014366
000000542130
000000134650
000000539067
000000529117
000000007785
000000145369
000000011364
000000538533
000000531000
000000412142
000000020490
000000138166
000000286212
000000000987
000000416197
000000530535
000000393638
000000023093
000000533004
000000266001
000000534128
000000407545
000000139281
000000525265
000000411821
000000144429
000000024847
000000529824
000000023378
000000016161
000000399752
000000536366
000000020913
000000279608
000000526292
000000133672
000000022775
000000531232
000000284133
000000263901
000000013492
000000394739
000000013035
000000530649
000000279350
000000405483
000000528074
000000395627
000000528516
000000526364
000000406628
000000022838
000000284814
000000153618
000000137211
000000143671
000000131894
000000015690
000000411941
000000282176
000000408542
000000286639
000000277188
000000416325
000000272100
000000532439
000000022958
000000021260
000000417814
000000406217
000000262845
000000526105
000000394165
000000277433
000000142413
000000286022
000000005669
000000417195
000000019015
000000268393
000000269450
000000416240
000000408805
000000142323
000000155351
000000263779
000000022834
000000267353
000000269946
000000131415
000000016606
000000276105
000000012756
000000143780
000000146432
000000265472
000000010108
000000283790
000000148862
000000277616
000000155617
000000412666
000000542991
000000144533
000000541677
000000543178
000000009185
000000406230
000000013938
000000414850
000000530533
000000402969
000000007856
000000548545
000000008686
000000397404
000000139284
000000274999
000000152858
000000527193
000000000597
000000142497
000000265596
000000417458
000000015704
000000278414
000000402887
000000264663
000000147293
000000139564
000000398339
000000136153
000000005263
000000131531
000000275913
000000148403
000000525432
000000527533
000000534274
000000402359
000000002902
000000397109
000000532833
000000525342
000000535284
000000014319
000000546301
000000262544
000000284684
000000280688
000000528748
000000409842
000000003224
000000524991
000000406595
000000532966
000000541332
000000532525
000000000133
000000136117
000000526697
000000545016
000000133100
000000279165
000000002255
000000008228
000000024787
000000407509
000000016575
000000416909
000000012998
000000414675
000000401458
000000397675
000000140817
000000280804
000000146997
000000529578
000000141910
000000012494
000000262522
000000019916
000000541157
000000284860
000000546739
000000016494
000000271240
000000525932
000000265839
000000280651
000000268395
000000144200
000000277706
000000409833
000000533281
000000018267
000000526767
000000407915
000000277807
000000005314
000000401838
000000011506
000000142047
000000017429
000000406071
000000416467
000000012016
000000275466
000000279066
000000542694
000000154420
000000278601
000000012101
000000535891
000000280257
000000144147
000000141986
000000019167
000000008320
000000138270
000000408808
000000404227
000000010645
000000005362
000000540843
000000148527
000000269704
000000016040
000000148292
000000139698
000000008892
000000149890
000000155177
000000012923
000000534117
000000281267
000000539751
000000542035
000000020825
000000531308
000000281564
000000393633
000000544639
000000143661
000000286692
000000541435
000000531128
000000542611
000000528148
000000267350
000000539163
000000155388
000000266857
000000283584
000000399665
000000280808
000000528147
000000150669
000000000562
000000411845
000000268146
000000023017
000000009381
000000280249
000000154817
000000393354
000000542814
000000271120
000000154382
000000263520
000000155860
000000275611
000000532766
000000395714
000000145863
000000020818
000000281371
000000538480
000000137320
000000147342
000000535766
000000278043
000000395584
000000136807
000000532686
000000409890
000000528882
000000001497
000000540342
000000023630
000000144321
000000152472
000000548218
000000009398
000000270898
000000544301
000000397486
000000415209
000000527243
000000010654
000000284599
000000137589
000000153283
000000139653
000000547097
000000280368
000000285397
000000542402
000000284354
000000131895
000000536973
000000415561
000000546474
000000531488
000000133115
000000398177
000000415376
000000004978
000000275429
000000528466
000000547555
000000264870
000000400060
000000277163
000000413784
000000268688
000000393661
000000393242
000000541345
000000132447
000000272335
000000008379
000000542720
000000268735
000000533063
000000019102
000000268389
000000138648
000000150948
000000003131
000000006437
000000536235
000000012999
000000007040
000000417957
000000272803
000000408835
000000280068
000000135978
000000394244
000000527643
000000409821
000000416931
000000524773
000000139490
000000406368
000000395210
000000405836
000000024416
000000150444
000000539089
000000543468
000000415363
000000532958
000000147306
000000539016
000000540582
000000548953
000000021138
000000276731
000000132992
000000413242
000000530571
000000538276
000000542804
000000411883
000000140118
000000012488
000000138153
000000263204
000000139094
000000017921
000000015552
000000024294
000000009091
000000262347
000000401602
000000407767
000000150364
000000402905
000000285000
000000549012
000000403541
000000406786
000000400945
000000262471
000000530636
000000410988
000000133883
000000268855
000000282365
000000268342
000000014073
000000537461
000000411943
000000139282
000000283849
000000262284
000000542342
000000526467
000000548706
000000529864
000000537982
000000131565
000000285740
000000141518
000000532247
000000410033
000000136464
000000023929
000000008848
000000009945
000000003812
000000136793
000000417606
000000543182
000000268641
000000024181
000000264482
000000013632
000000399837
000000018011
000000401835
000000276218
000000133995
000000539311
000000544421
000000005344
000000024805
000000017352
000000003799
000000397069
000000148629
000000150024
000000400218
000000281656
000000402243
000000417471
000000149304
000000407118
000000006481
000000149712
000000011682
000000263211
000000263274
000000531719
000000155790
000000412599
000000282238
000000530494
000000001869
000000015388
000000393781
000000401393
000000132861
000000144760
000000000034
000000406170
000000526739
000000540257
000000538058
000000396317
000000545308
000000537684
000000019160
000000014008
000000533006
000000400552
000000534548
000000548061
000000022963
000000263382
000000140231
000000282377
000000543855
000000020052
000000282808
000000533897
000000142999
000000402973
000000020765
000000151115
000000398373
000000536602
000000264722
000000134327
000000138806
000000525459
000000134081
000000272211
000000528372
000000011390
000000010263
000000014686
000000267343
000000009778
000000142320
000000270722
000000535497
000000394663
000000543118
000000002068
000000142733
000000540210
000000285938
000000143862
000000140603
000000547047
000000154585
000000005500
000000135849
000000154060
000000014446
000000267189
000000142587
000000019941
000000143946
000000279071
000000015468
000000282978
000000276829
000000001205
000000012803
000000286310
000000132415
000000544309
000000529379
000000538861
000000134294
000000001903
000000276267
000000274233
000000143624
000000279305
000000020837
000000416300
000000278860
000000545274
000000276162
000000018773
000000146774
000000015599
000000396295
000000539820
000000279437
000000546337
000000005820
000000015174
000000020906
000000152253
000000018045
000000267998
000000546232
000000403425
000000149660
000000533678
000000268733
000000268659
000000285263
000000262897
000000147818
000000536579
000000145284
000000284259
000000415659
000000413497
000000544395
000000152341
000000534001
000000262979
000000540925
000000148706
000000020701
000000010222
000000145573
000000000706
000000404702
000000414959
000000531725
000000023648
000000415680
000000146127
000000535145
000000537890
000000133314
000000281853
000000397166
000000539390
000000266069
000000405660
000000548512
000000145174
000000398999
000000529549
000000281188
000000402603
000000397892
000000543281
000000272970
000000543371
000000284127
000000008218
000000269621
000000399921
000000276781
000000404988
000000414819
000000547221
000000154202
000000155355
000000021718
000000143070
000000403482
000000012179
000000531023
000000534845
000000269934
000000151235
000000284674
000000271970
000000532445
000000151790
000000402357
000000150704
000000140713
000000148700
000000404616
000000149232
000000002197
000000398005
000000274356
000000267476
000000530086
000000133750
000000140664
000000393225
000000413475
000000012059
000000267136
000000548930
000000014783
000000546975
000000266920
000000010241
000000526972
000000538001
000000411969
000000413300
000000020470
000000009809
000000546791
000000281191
000000154155
000000282173
000000014025
000000012750
000000544071
000000393804
000000402897
000000003270
000000263783
000000154745
000000016776
000000542695
000000529477
000000139270
000000416787
000000273874
000000136027
000000271977
000000402775
000000411330
000000286745
000000279103
000000275242
000000001674
000000153064
000000413058
000000263014
000000406000
000000276794
000000538209
000000396311
000000131453
000000534349
000000531415
000000017676
000000146111
000000145791
000000010867
000000271857
000000277550
000000152048
000000531910
000000148909
000000407072
000000536252
000000408556
000000142686
000000533864
000000279208
000000007498
000000263600
000000281281
000000281217
000000155884
000000150370
000000532916
000000542502
000000542936
000000397287
000000527720
000000002770
000000417234
000000141343
000000394089
000000534284
000000411142
000000149212
000000410262
000000151393
000000275722
000000414555
000000000072
000000282586
000000008401
000000155035
000000003742
000000131832
000000011719
000000276796
000000527453
000000410920
000000014759
000000137757
000000136158
000000276892
000000538155
000000412172
000000262329
000000530741
000000524820
000000138207
000000023976
000000410622
000000538413
000000006422
000000147914
000000020268
000000405296
000000277810
000000134320
000000279025
000000412753
000000005154
000000537393
000000152265
000000539562
000000400149
000000149284
000000400619
000000002232
000000410002
000000019391
000000541485
000000013991
000000286703
000000406616
000000006182
000000535844
000000265611
000000021698
000000396366
000000265207
000000144754
000000267229
000000276192
000000152663
000000270554
000000267067
000000273840
000000012551
000000406056
000000284551
000000548957
000000277778
000000010073
000000416569
000000529542
000000410301
000000014764
000000022559
000000271934
000000005994
000000548979
000000154867
000000019333
000000015126
000000139067
000000401040
000000400860
000000285448
000000265713
000000412198
000000401860
000000395120
000000139734
000000016295
000000011552
000000013568
000000281131
000000394476
000000262691
000000153136
000000004278
000000413942
000000278287
000000403521
000000283945
000000528011
000000542922
000000278291
000000398067
000000398808
000000010478
000000009725
000000143980
000000020418
000000005412
000000019184
000000546133
000000002148
000000286764
000000526675
000000147291
000000013497
000000540476
000000417528
000000000753
000000004760
000000404608
000000536509
000000530999
000000540531
000000153589
000000146047
000000400378
000000020137
000000527407
000000014850
000000407717
000000001213
000000267978
000000528800
000000547155
000000148591
000000283744
000000275710
000000524389
000000146503
000000404462
000000266898
000000399542
000000393705
000000264982
000000412194
000000005095
000000402234
000000400487
000000152353
000000413496
000000002240
000000395998
000000137273
000000541301
000000022309
000000402257
000000135525
000000404064
000000281774
000000396421
000000263618
000000267735
000000149202
000000415714
000000010566
000000273205
000000282675
000000263320
000000271063
000000152474
000000544856
000000145699
000000276015
000000150347
000000409108
000000270605
000000541964
000000004579
000000272080
000000009988
000000536902
000000134955
000000005745
000000401831
000000143054
000000538497
000000139007
000000011076
000000527922
000000407768
000000542154
000000527623
000000267182
000000416322
000000154648
000000018785
000000543985
000000262756
000000009452
000000408802
000000412326
000000407050
000000272857
000000011334
000000412939
000000416426
000000543376
000000531044
000000264697
000000131323
000000402915
000000532310
000000000089
000000542077
000000540564
000000525152
000000537918
000000532941
000000398622
000000271068
000000406805
000000265329
000000146999
000000286860
000000278280
000000149791
000000142660
000000406155
000000534771
000000285705
000000266091
000000284578
000000409646
000000543814
000000131952
000000152785
000000154804
000000266696
000000007852
000000275642
000000153997
000000547440
000000010196
000000144554
000000012895
000000536615
000000398713
000000546451
000000526319
000000529777
000000545238
000000010822
000000286874
000000273156
000000148588
000000283181
000000132702
000000009673
000000414324
000000543222
000000413037
000000266386
000000398895
000000263400
000000527717
000000010546
000000264316
000000538922
000000264420
000000155402
000000541094
000000397773
000000407091
000000011010
000000137283
000000265331
000000008093
000000148771
000000279104
000000140691
000000009712
000000396165
000000277473
000000416246
000000145432
000000135411
000000417384
000000397192
000000014514
000000414117
000000152483
000000413240
000000022724
000000024129
000000000009
000000004396
000000133152
000000408418
000000278375
000000139008
000000286724
000000281617
000000131516
000000537803
000000013463
000000400257
000000138486
000000526534
000000264797
000000285234
000000139892
000000530855
000000275988
000000526782
000000007566
000000546531
000000024734
000000406366
000000140577
000000276644
000000534521
000000278961
000000150502
000000536820
000000279187
000000417142
000000151922
000000399461
000000544606
000000400309
000000155167
000000136088
000000267910
000000275115
000000015036
000000414894
000000410054
000000410194
000000266370
000000140289
000000281713
000000526754
000000000263
000000018958
000000408815
000000543790
000000283530
000000154307
000000021384
000000525834
000000527963
000000262460
000000007592
000000265840
000000266336
000000279810
000000265398
000000530888
000000408227
000000396112
000000274629
000000398548
000000135319
000000544597
000000023501
000000531334
000000543541
000000012073
000000004885
000000285068
000000404738
000000417716
000000529434
000000274521
000000006647
000000534716
000000393421
000000284290
000000402926
000000538848
000000411703
000000145520
000000131747
000000403747
000000266136
000000135256
000000272188
000000410969
000000020882
000000269634
000000530894
000000394817
000000413290
000000278183
000000403096
000000000873
000000396116
000000541193
000000146128
000000139277
000000526588
000000402808
000000151387
000000141166
000000407038
000000151020
000000000636
000000151005
000000276387
000000010733
000000530081
000000413287
000000010136
000000285817
000000532852
000000400918
000000149924
000000268755
000000547422
000000010964
000000149630
000000531563
000000002591
000000532571
000000417540
000000148766
000000267788
000000411261
000000531970
000000410641
000000019929
000000534300
000000403644
000000267719
000000413312
000000020795
000000542548
000000395424
000000395397
000000528184
000000134375
000000141372
000000283629
000000131587
000000151053
000000147915
000000535788
000000135694
000000539556
000000415874
000000144163
000000148808
000000004936
000000137547
000000533715
000000536458
000000275591
000000401336
000000269508
000000399091
000000020392
000000284128
000000021535
000000535327
000000529871
000000013160
000000268233
000000525549
000000281221
000000540838
000000021795
000000141263
000000154349
000000136078
000000410915
000000009763
000000399269
000000267284
000000007677
000000134343
000000414109
000000403556
000000409408
000000283220
000000154443
000000007867
000000524935
000000539158
000000407879
000000277587
000000154895
000000532989
000000527618
000000529095
000000274653
000000414884
000000408233
000000136217
000000394715
000000022178
000000145587
000000151094
000000136185
000000416102
000000535733
000000018983
000000268866
000000273068
000000281003
000000403333
000000278732
000000524637
000000545689
000000138859
000000280799
000000532531
000000394043
000000413709
000000262677
000000265414
000000405856
000000534672
000000404871
000000414439
000000529950
000000544495
000000533261
000000412535
000000150225
000000547783
000000273436
000000020145
000000283814
000000002495
000000549104
000000403317
000000404910
000000411857
000000024053
000000400936
000000538149
000000541587
000000015759
000000548905
000000262283
000000399212
000000017551
000000145009
000000013893
000000280838
000000140946
000000282523
000000401785
000000273445
000000278166
000000526927
000000015811
000000270278
000000276582
000000394504
000000146706
000000135681
000000535661
000000284047
000000548958
000000536294
000000142589
000000397414
000000262369
000000531322
000000014504
000000146451
000000403013
000000277722
000000136168
000000266487
000000005328
000000530187
000000397742
000000137678
000000539992
000000524905
000000143995
000000282437
000000417594
000000138572
000000285664
000000147236
000000014921
000000006773
000000135206
000000282368
000000266912
000000155604
000000267840
000000537862
000000153094
000000007367
000000538589
000000264079
000000019227
000000153026
000000269419
000000275499
000000020147
000000394974
000000395667
000000132037
000000141317
000000013835
000000152866
000000406080
000000144925
000000019238
000000537919
000000535786
000000003398
000000414089
000000286342
000000265490
000000281609
000000150827
000000416145
000000136173
000000400353
000000538243
000000264406
000000262619
000000526941
000000406189
000000396260
000000006415
000000395221
000000548357
000000154359
000000008574
000000547743
000000267349
000000284256
000000532759
000000268254
000000134474
000000267256
000000407457
000000284993
000000154530
000000016870
000000263650
000000154023
000000416125
000000005635
000000271057
000000528880
000000147826
000000409333
000000410110
000000136983
000000265629
000000147216
000000262690
000000001681
000000404618
000000402908
000000137154
000000404635
000000272111
000000269168
000000404652
000000023679
000000403336
000000000154
000000531569
000000017600
000000402082
000000148858
000000132972
000000137777
000000276066
000000011184
000000001111
000000271046
000000282351
000000404063
000000007224
000000014967
000000403424
000000132123
000000530600
000000134236
000000416924
000000411068
000000003481
000000010449
000000393922
000000406328
000000276164
000000142189
000000145062
000000524392
000000535860
000000535699
000000404110
000000015006
000000006949
000000132342
000000527492
000000004229
000000411778
000000532037
000000138271
000000395838
000000270017
000000412842
000000132781
000000535050
000000277524
000000262325
000000285825
000000530016
000000136375
000000393258
000000016704
000000407751
000000412525
000000278899
000000546846
000000131159
000000531406
000000532673
000000273082
000000143736
000000002342
000000267515
000000541631
000000530163
000000153142
000000264389
000000280865
000000142298
000000144305
000000267844
000000018040
000000525904
000000264868
000000402570
000000023038
000000526598
000000020403
000000393836
000000275491
000000018312
000000139097
000000137779
000000532631
000000409512
000000408571
000000149349
000000409455
000000006861
000000540100
000000394326
000000546932
000000263288
000000415843
000000132303
000000023380
000000544380
000000417885
000000406677
000000407967
000000531252
000000534040
000000149151
000000013547
000000408578
000000543093
000000012057
000000019306
000000139326
000000267184
000000403278
000000017769
000000020947
000000542488
000000538737
000000022660
000000022002
000000139400
000000274591
000000398004
000000284253
000000285089
000000408248
000000285433
000000013145
000000014557
000000544582
000000530958
000000534900
000000526594
000000005667
000000012495
000000416778
000000131300
000000140513
000000407063
000000533525
000000543660
000000267823
000000155482
000000530898
000000544279
000000136681
000000139181
000000151156
000000278082
000000279300
000000001228
000000143621
000000000332
000000135420
000000546561
000000413346
000000145623
000000402330
000000531316
000000272132
000000020349
000000410599
000000526704
000000285325
000000017604
000000546869
000000283144
000000018723
000000393422
000000548039
000000024404
000000267552
000000138556
000000007772
000000531797
000000013948
000000152277
000000413731
000000286058
000000542327
000000404243
000000402757
000000136233
000000526966
000000268071
000000136271
000000264936
000000277543
000000263780
000000283968
000000411225
000000542549
000000264209
000000398540
000000135572
000000536375
000000142182
000000543734
000000151908
000000527625
000000020563
000000145553
000000147733
000000525884
000000136040
000000151523
000000014869
000000268231
000000265742
000000409206
000000023623
000000008433
000000403868
000000131107
000000140758
000000265636
000000147256
000000154633
000000270079
000000145032
000000415151
000000539132
000000403558
000000279320
000000531143
000000018496
000000414244
000000546655
000000532684
000000283516
000000545324
000000010414
000000020193
000000278639
000000401381
000000148286
000000408182
000000005437
000000532509
000000393557
000000411954
000000542255
000000542350
000000414912
000000014412
000000140999
000000009768
000000022448
000000006874
000000267088
000000004571
000000270388
000000411695
000000002374
000000272051
000000136780
000000404437
000000406226
000000015750
000000141211
000000145480
000000546065
000000546517
000000269260
000000143017
000000282987
000000133885
000000409181
000000276575
000000007559
000000399001
000000010166
000000147333
000000147926
000000142592
000000535977
000000547896
000000544234
000000401877
000000396194
000000528944
000000145429
000000404262
000000023542
000000008006
000000282790
000000019890
000000147178
000000541706
000000143511
000000398648
000000543447
000000546016
000000132262
000000536462
000000403525
000000393508
000000014017
000000525693
000000270721
000000134724
000000021294
000000402559
000000414984
000000416049
000000412431
000000267588
000000011925
000000142127
000000019901
000000265708
000000137847
000000132015
000000408479
000000270098
000000014855
000000547614
000000404696
000000024019
000000005011
000000538776
000000415493
000000024371
000000007517
000000399513
000000397138
000000000502
000000132188
000000546500
000000012860
000000539173
000000417544
000000539551
000000281582
000000403325
000000268276
000000139728
000000264730
000000529804
000000412453
000000412167
000000139304
000000396998
000000411968
000000013228
000000019719
000000286892
000000531812
000000272675
000000275644
000000400948
000000018495
000000276945
000000154680
000000134389
000000279263
000000544198
000000541635
000000530479
000000015566
000000546079
000000525020
000000395512
000000137634
000000020972
000000416387
000000017761
000000016955
000000409454
000000417596
000000270623
000000532985
000000525563
000000021338
000000529795
000000132699
000000529465
000000137704
000000549143
000000147369
000000393423
000000008062
000000544815
000000008791
000000003234
000000020281
000000019062
000000009721
000000147762
000000284020
000000154924
000000264720
000000151375
000000142201
000000530054
000000013922
000000543492
000000529023
000000539553
000000393286
000000022842
000000402624
000000414723
000000265134
000000411455
000000145479
000000151307
000000150616
000000006631
000000539056
000000406601
000000540789
000000277914
000000281900
000000004497
000000148274
000000545440
000000405440
000000277885
000000413602
000000536603
000000010211
000000548593
000000154637
000000133464
000000281631
000000540465
000000546164
000000003794
000000016928
000000132814
000000278064
000000141180
000000531837
000000525988
000000278952
000000019145
000000007288
000000546632
000000535902
000000000699
000000003640
000000401616
000000149556
000000268728
000000022409
000000135016
000000153607
000000023351
000000411792
000000136181
000000395130
000000401561
000000005184
000000135502
000000533784
000000532463
000000010256
000000149546
000000395791
000000529348
000000153128
000000542725
000000134673
000000276631
000000394659
000000155212
000000006450
000000014974
000000264964
000000001558
000000400204
000000533446
000000152987
000000539340
000000151247
000000132001
000000009288
000000526898
000000133278
000000541938
000000001505
000000412592
000000003084
000000001340
000000139914
000000007522
000000147873
000000277693
000000151268
000000542458
000000280123
000000150787
000000404338
000000547284
000000134346
000000138133
000000398628
000000003613
000000407349
000000401822
000000535526
000000019239
000000536318
000000527728
000000017316
000000267571
000000135775
000000397832
000000263478
000000282791
000000531093
000000145825
000000403145
000000132306
000000283261
000000281674
000000013914
000000527597
000000414022
000000134811
000000398053
000000417015
000000018183
000000417844
000000410742
000000401721
000000282855
000000533537
000000262285
000000271148
000000282834
000000002931
000000153392
000000417089
000000401440
000000143095
000000149767
000000279387
000000263735
000000013769
000000412722
000000412015
000000142558
000000146769
000000417586
000000395083
000000265531
000000397724
000000010928
000000277375
000000281288
000000400612
000000400752
000000277134
000000004319
000000152795
000000399547
000000405997
000000541973
000000155108
000000283780
000000277015
000000274156
000000539951
000000411877
000000267224
000000282221
000000282994
000000016414
000000153585
000000005453
000000409889
000000547118
000000144275
000000142333
000000023641
000000012641
000000267950
000000402668
000000132725
000000004956
000000402235
000000531873
000000406530
000000415821
000000401528
000000006426
000000397518
000000010580
000000417588
000000272837
000000394972
000000285717
000000011727
000000265915
000000399183
000000147736
000000284765
000000405752
000000269366
000000003867
000000136265
000000149835
000000540296
000000144199
000000262189
000000132499
000000152418
000000268777
000000152514
000000547645
000000533431
000000024877
000000143557
000000018792
000000150244
000000015850
000000404889
000000142534
000000531070
000000152209
000000541219
000000013428
000000002276
000000540859
000000270384
000000536576
000000275515
000000137734
000000139971
000000012323
000000000626
000000536535
000000023411
000000022097
000000154770
000000536412
000000155003
000000002684
000001
000002
000003
000004
000006
000008
000010
000011
000013
000014
000015
000018
000022
000025
000027
000028
000029
000031
000037
000038
000040
000043
000045
000049
000053
000054
000055
000056
000057
000058
000059
000062
000067
000068
000069
000070
000071
000074
000075
000076
000079
000080
000082
000084
000085
000086
000087
000088
000090
000092
000094
000096
000097
000098
000100
000103
000105
000106
000108
000111
000114
000115
000116
000119
000124
000126
000127
000128
000135
000136
000137
000139
000144
000145
000148
000149
000151
000152
000155
000157
000160
000166
000167
000168
000172
000175
000176
000178
000179
000181
000182
000183
000185
000186
000188
000191
000195
000196
000197
000199
000201
000202
000204
000205
000206
000212
000213
000216
000217
000223
000226
000227
000230
000231
000234
000237
000238
000239
000240
000243
000247
000248
000252
000253
000254
000255
000258
000260
000261
000264
000265
000267
000271
000272
000273
000274
000277
000279
000280
000281
000283
000284
000286
000287
000290
000291
000292
000293
000295
000297
000299
000300
000301
000309
000310
000313
000314
000315
000316
000319
000324
000326
000327
000330
000333
000335
000339
000341
000342
000345
000346
000348
000350
000351
000353
000356
000357
000358
000360
000361
000362
000364
000365
000366
000368
000369
000371
000375
000376
000377
000378
000383
000384
000385
000386
000388
000389
000390
000392
000393
000397
000398
000399
000401
000402
000405
000409
000410
000412
000413
000414
000415
000418
000421
000422
000423
000425
000426
000429
000432
000434
000436
000437
000440
000441
000442
000444
000445
000447
000449
000451
000452
000453
000455
000456
000457
000458
000465
000466
000467
000471
000472
000473
000475
000478
000479
000481
000485
000487
000488
000490
000493
000495
000497
000502
000504
000505
000506
000507
000510
000511
000512
000517
000521
000527
000529
000532
000533
000534
000536
000538
000539
000542
000546
000547
000548
000551
000553
000556
000557
000558
000560
000561
000562
000566
000567
000568
000569
000570
000571
000572
000573
000574
000575
000576
000578
000580
000584
000585
000586
000587
000593
000594
000595
000596
000600
000602
000603
000604
000606
000607
000611
000614
000615
000616
000617
000618
000621
000623
000624
000627
000629
000630
000631
000634
000636
000638
000639
000640
000641
000642
000643
000644
000646
000649
000650
000651
000652
000655
000658
000659
000662
000664
000665
000666
000668
000669
000670
000673
000674
000678
000679
000681
000683
000687
000691
000692
000693
000696
000697
000698
000701
000703
000704
000706
000708
000715
000716
000718
000719
000721
000722
000723
000724
000725
000727
000732
000734
000735
000736
000737
000741
000743
000744
000745
000747
000749
000751
000757
000758
000759
000762
000765
000766
000769
000773
000775
000778
000779
000781
000783
000784
000785
000788
000789
000790
000792
000795
000798
000801
000803
000807
000809
000811
000813
000817
000819
000821
000824
000825
000833
000835
000836
000837
000838
000839
000840
000841
000844
000846
000852
000853
000856
000858
000861
000864
000866
000869
000870
000873
000875
000877
000881
000883
000884
000886
000890
000891
000893
000894
000897
000901
000905
000907
000909
000910
000913
000914
000916
000922
000924
000925
000927
000928
000930
000932
000933
000938
000939
000940
000941
000942
000944
000945
000952
000953
000955
000956
000957
000959
000960
000961
000963
000968
000969
000970
000974
000975
000976
000978
000979
000981
000983
000984
000985
000986
000988
000990
000992
000994
000995
000998
001000
001003
001005
001006
001007
001013
001016
001019
001020
001021
001022
001023
001025
001026
001029
001030
001031
001032
001033
001034
001035
001037
001038
001039
001040
001044
001046
001047
001048
001049
001051
001054
001055
001058
001059
001063
001065
001067
001070
001075
001076
001080
001081
001085
001086
001087
001088
001089
001090
001094
001095
001096
001098
001099
001100
001103
001105
001108
001111
001114
001115
001116
001117
001118
001120
001122
001123
001126
001128
001131
001132
001133
001134
001135
001138
001139
001141
001146
001150
001153
001155
001157
001159
001162
001163
001165
001167
001169
001173
001177
001178
001179
001180
001181
001183
001188
001189
001190
001193
001195
001196
001197
001198
001202
001208
001210
001213
001216
001217
001218
001219
001220
001222
001223
001227
001228
001232
001235
001238
001242
001243
001244
001245
001246
001249
001251
001252
001253
001255
001256
001257
001261
001262
001264
001267
001271
001275
001276
001278
001280
001282
001283
001285
001291
001295
001296
001297
001300
001301
001302
001303
001305
001306
001307
001308
001313
001317
001318
001319
001320
001321
001322
001328
001329
001331
001335
001336
001338
001339
001340
001342
001344
001347
001349
001351
001353
001354
001355
001356
001357
001358
001359
001363
001366
001367
001368
001369
001370
001372
001373
001374
001376
001377
001379
001380
001381
001382
001389
001391
001392
001394
001396
001398
001399
001401
001403
001407
001410
001411
001412
001415
001416
001417
001419
001422
001423
001424
001425
001428
001429
001431
001433
001435
001437
001438
001440
001446
001447
001448
001449
001452
001454
001456
001458
001459
001461
001462
001469
001471
001473
001474
001476
001477
001478
001482
001487
001489
001491
001495
001496
001500
001502
001503
001505
001506
001507
001508
001511
001513
001516
001518
001519
001520
001525
001527
001530
001533
001534
001535
001538
001540
001542
001546
001547
001549
001550
001551
001552
001558
001560
001562
001564
001566
001567
001568
001569
001570
001572
001573
001574
001575
001578
001581
001583
001584
001585
001587
001589
001591
001592
001596
001599
001600
001601
001602
001605
001606
001609
001613
001615
001616
001619
001620
001621
001623
001624
001625
001626
001629
001631
001634
001635
001637
001639
001641
001644
001645
001646
001648
001652
001655
001656
001657
001658
001659
001660
001663
001664
001665
001666
001667
001668
001670
001671
001672
001674
001679
001681
001687
001692
001694
001695
001696
001697
001698
001700
001701
001702
001703
001704
001705
001706
001709
001710
001712
001715
001716
001719
001720
001722
001728
001731
001735
001736
001737
001740
001742
001743
001744
001745
001748
001751
001753
001757
001760
001762
001763
001764
001767
001769
001770
001773
001774
001776
001779
001781
001783
001786
001788
001790
001791
001792
001794
001796
001798
001802
001803
001804
001805
001808
001811
001812
001813
001814
001815
001817
001819
001820
001822
001823
001824
001826
001829
001831
001835
001838
001839
001844
001846
001848
001850
001851
001852
001856
001857
001859
001863
001865
001866
001867
001868
001869
001871
001873
001874
001876
001879
001880
001883
001884
001885
001886
001889
001890
001891
001893
001895
001897
001900
001905
001908
001909
001910
001912
001913
001914
001916
001917
001919
001921
001923
001924
001925
001926
001929
001935
001939
001942
001943
001946
001947
001949
001951
001953
001955
001956
001957
001959
001961
001965
001966
001967
001968
001969
001973
001974
001975
001979
001983
001984
001986
001987
001988
001990
001991
001992
001993
001994
001996
001997
001998
002003
002005
002007
002008
002009
002010
002013
002014
002016
002017
002018
002026
002028
002029
002031
002032
002033
002035
002038
002040
002041
002044
002046
002048
002050
002052
002053
002057
002059
002060
002062
002065
002066
002071
002072
002073
002074
002075
002076
002077
002078
002079
002080
002081
002084
002085
002087
002089
002092
002093
002097
002100
002103
002105
002106
002107
002110
002111
002113
002115
002118
002119
002121
002122
002123
002127
002128
002130
002131
002133
002137
002138
002141
002143
002144
002147
002148
002149
002150
002154
002157
002159
002160
002161
002162
002164
002167
002168
002173
002175
002177
002185
002188
002189
002195
002198
002200
002203
002204
002205
002206
002207
002210
002211
002216
002217
002222
002223
002225
002227
002229
002230
002231
002232
002235
002236
002239
002240
002242
002243
002245
002246
002250
002252
002254
002258
002262
002264
002269
002271
002274
002275
002282
002283
002286
002289
002292
002294
002295
002296
002297
002298
002299
002301
002303
002304
002309
002312
002313
002314
002316
002317
002319
002322
002325
002326
002327
002331
002336
002338
002339
002341
002344
002346
002349
002351
002353
002356
002357
002358
002360
002363
002365
002370
002379
002380
002381
002383
002386
002388
002389
002390
002394
002395
002396
002397
002398
002399
002400
002402
002406
002408
002409
002412
002414
002416
002418
002421
002422
002424
002426
002428
002429
002430
002431
002432
002434
002438
002440
002446
002447
002449
002451
002453
002455
002457
002463
002464
002467
002469
002473
002474
002475
002482
002484
002485
002486
002487
002488
002489
002495
002498
002499
002503
002506
002507
002509
002510
002511
002515
002516
002517
002521
002522
002526
002527
002528
002530
002531
002532
002535
002536
002538
002541
002543
002548
002550
002551
002552
002553
002556
002557
002560
002562
002568
002570
002573
002574
002575
002576
002577
002580
002581
002582
002583
002587
002588
002591
002592
002596
002597
002601
002602
002604
002607
002608
002610
002612
002614
002616
002617
002619
002620
002622
002623
002624
002626
002628
002629
002630
002631
002638
002639
002640
002642
002644
002650
002651
002652
002654
002655
002656
002660
002661
002663
002665
002671
002672
002673
002674
002676
002679
002681
002685
002686
002687
002688
002692
002694
002698
002700
002701
002703
002705
002707
002708
002711
002712
002716
002719
002720
002724
002725
002726
002728
002729
002731
002733
002736
002739
002740
002742
002743
002746
002748
002750
002752
002753
002754
002756
002758
002761
002764
002768
002769
002770
002771
002773
002777
002780
002781
002787
002788
002789
002790
002792
002793
002797
002799
002802
002805
002806
002808
002809
002811
002813
002814
002818
002819
002821
002822
002823
002824
002825
002828
002829
002830
002831
002832
002837
002839
002840
002843
002846
002849
002850
002851
002852
002853
002856
002857
002860
002861
002862
002863
002865
002871
002872
002874
002876
002877
002878
002882
002883
002885
002887
002888
002890
002892
002894
002895
002897
002898
002900
002902
002903
002904
002905
002907
002908
002909
002911
002918
002920
002921
002922
002923
002925
002926
002927
002928
002929
002930
002936
002945
002948
002949
002950
002951
002955
002959
002961
002964
002968
002970
002971
002972
002973
002974
002979
002980
002981
002982
002983
002985
002991
002993
002996
002997
002998
002999
003001
003006
003010
003012
003014
003016
003018
003019
003020
003022
003025
003026
003029
003030
003033
003035
003036
003037
003040
003041
003043
003046
003048
003049
003050
003052
003055
003059
003060
003062
003067
003068
003069
003070
003071
003073
003075
003076
003079
003080
003081
003084
003087
003091
003095
003096
003097
003099
003101
003104
003109
003111
003113
003114
003115
003119
003123
003125
003128
003130
003131
003132
003136
003139
003141
003143
003144
003148
003151
003152
003153
003156
003158
003160
003166
003167
003168
003171
003172
003173
003174
003179
003180
003182
003187
003190
003191
003192
003193
003196
003197
003198
003201
003203
003206
003208
003209
003212
003215
003217
003220
003221
003222
003224
003225
003226
003227
003230
003232
003234
003235
003237
003238
003241
003245
003246
003248
003249
003251
003252
003257
003263
003264
003265
003266
003267
003268
003275
003276
003277
003278
003281
003283
003286
003287
003288
003289
003291
003295
003297
003298
003302
003304
003305
003306
003309
003310
003312
003314
003315
003317
003318
003319
003321
003322
003323
003324
003326
003328
003329
003332
003333
003334
003340
003341
003342
003345
003346
003347
003348
003352
003353
003357
003358
003361
003364
003366
003368
003371
003372
003375
003378
003381
003383
003384
003385
003387
003388
003389
003393
003394
003399
003400
003402
003405
003409
003411
003414
003418
003423
003426
003427
003428
003431
003432
003434
003437
003438
003440
003442
003445
003446
003447
003448
003454
003456
003457
003459
003460
003463
003467
003471
003472
003473
003474
003475
003476
003478
003479
003480
003481
003482
003483
003485
003486
003488
003490
003494
003495
003498
003501
003502
003503
003504
003505
003507
003512
003513
003514
003515
003517
003520
003523
003526
003527
003531
003532
003533
003534
003535
003538
003540
003541
003542
003543
003544
003545
003547
003552
003553
003557
003558
003559
003560
003561
003562
003563
003568
003569
003570
003571
003572
003573
003574
003578
003579
003581
003582
003583
003584
003590
003591
003592
003595
003598
003600
003601
003602
003607
003610
003612
003613
003615
003616
003617
003619
003624
003626
003630
003631
003633
003637
003641
003643
003647
003649
003650
003652
003653
003659
003661
003665
003666
003668
003670
003672
003676
003677
003680
003682
003683
003686
003687
003689
003692
003693
003697
003701
003702
003707
003710
003712
003715
003716
003718
003719
003720
003723
003724
003725
003726
003728
003730
003731
003733
003734
003736
003737
003738
003739
003741
003742
003744
003745
003746
003747
003755
003756
003757
003761
003762
003764
003765
003766
003768
003769
003770
003771
003775
003776
003777
003778
003782
003785
003787
003789
003794
003795
003799
003800
003801
003802
003804
003805
003810
003812
003813
003815
003816
003819
003822
003823
003825
003829
003831
003832
003833
003836
003839
003840
003841
003842
003843
003850
003851
003852
003853
003854
003858
003862
003864
003867
003870
003873
003875
003878
003880
003881
003882
003883
003884
003888
003892
003893
003894
003896
003897
003900
003901
003902
003903
003904
003906
003908
003909
003910
003914
003916
003917
003920
003922
003925
003927
003928
003929
003930
003931
003933
003934
003938
003940
003942
003943
003944
003950
003951
003952
003955
003958
003959
003962
003964
003967
003968
003972
003975
003976
003977
003978
003980
003981
003982
003985
003989
003995
003999
004000
004001
004002
004004
004006
004007
004018
004021
004022
004024
004026
004027
004029
004030
004032
004036
004038
004040
004041
004042
004043
004044
004045
004048
004049
004050
004053
004054
004055
004056
004059
004061
004062
004063
004064
004065
004068
004070
004071
004072
004074
004078
004079
004080
004081
004083
004084
004086
004088
004090
004094
004096
004097
004098
004099
004101
004103
004104
004107
004109
004112
004114
004115
004116
004118
004119
004123
004124
004125
004126
004127
004128
004130
004132
004134
004139
004144
004147
004151
004153
004154
004155
004156
004157
004159
004160
004161
004162
004165
004166
004167
004172
004173
004175
004176
004177
004179
004180
004181
004182
004183
004184
004187
004188
004197
004198
004199
004202
004206
004207
004208
004210
004211
004213
004214
004216
004217
004218
004219
004222
004225
004226
004227
004233
004234
004235
004236
004238
004240
004243
004245
004248
004249
004250
004251
004252
004254
004260
004261
004262
004266
004267
004268
004276
004277
004278
004282
004285
004288
004289
004290
004294
004297
004299
004301
004302
004305
004306
004308
004309
004311
004313
004314
004316
004317
004319
004320
004324
004328
004330
004332
004334
004335
004336
004337
004340
004342
004343
004344
004348
004350
004353
004355
004357
004358
004362
004363
004366
004373
004374
004375
004377
004378
004381
004382
004383
004385
004388
004393
004394
004395
004398
004399
004400
004401
004402
004403
004406
004407
004408
004410
004412
004413
004414
004415
004416
004417
004418
004419
004420
004422
004425
004426
004427
004428
004431
004435
004440
004442
004443
004444
004445
004447
004448
004449
004451
004453
004454
004456
004458
004460
004461
004462
004465
004467
004469
004472
004473
004475
004476
004477
004478
004480
004482
004483
004485
004486
004489
004491
004492
004497
004501
004503
004504
004505
004506
004511
004513
004515
004516
004521
004522
004523
004525
004529
004531
004533
004534
004536
004538
004541
004543
004545
004546
004547
004550
004554
004556
004557
004559
004560
004561
004564
004567
004568
004569
004572
004573
004575
004577
004578
004580
004582
004583
004586
004589
004590
004593
004594
004596
004598
004599
004602
004603
004608
004610
004613
004614
004615
004616
004617
004619
004620
004621
004624
004629
004633
004635
004637
004638
004639
004640
004641
004642
004645
004646
004650
004657
004658
004659
004661
004663
004664
004665
004666
004667
004668
004669
004670
004677
004678
004680
004681
004684
004688
004690
004695
004696
004697
004698
004700
004703
004704
004709
004711
004712
004713
004716
004717
004720
004721
004724
004725
004726
004728
004729
004730
004731
004733
004734
004736
004738
004739
004740
004741
004744
004745
004749
004751
004752
004755
004756
004757
004758
004759
004762
004763
004764
004765
004766
004767
004769
004771
004772
004774
004775
004778
004780
004781
004784
004787
004791
004795
004798
004800
004802
004803
004804
004806
004807
004809
004810
004811
004813
004817
004819
004820
004821
004822
004824
004827
004829
004833
004835
004838
004843
004844
004845
004847
004851
004853
004854
004855
004858
004860
004861
004862
004864
004865
004870
004871
004874
004875
004877
004880
004881
004883
004884
004887
004888
004889
004891
004892
004893
004894
004899
004900
004901
004904
004906
004908
004909
004914
004915
004917
004918
004919
004920
004921
004922
004923
004924
004925
004927
004930
004932
004933
004934
004937
004940
004941
004942
004944
004945
004947
004949
004952
004957
004959
004964
004965
004969
004970
004971
004975
004978
004979
004980
004981
004988
004989
004993
004996
005000
005002
005005
005008
005009
005010
005011
005012
005013
005015
005017
005019
005021
005022
005025
005030
005031
005034
005035
005038
005040
005041
005043
005044
005046
005048
005049
005050
005051
005053
005059
005060
005066
005069
005070
005074
005075
005076
005080
005082
005083
005087
005088
005089
005091
005092
005095
005096
005098
005099
005100
005103
005105
005106
005109
005112
005113
005115
005117
005118
005119
005120
005123
005125
005126
005127
005132
005133
005137
005139
005140
005141
005142
005147
005148
005149
005151
005152
005154
005155
005157
005158
005162
005163
005164
005165
005166
005167
005170
005172
005174
005178
005180
005182
005184
005187
005188
005192
005193
005194
005196
005197
005198
005200
005201
005204
005205
005206
005207
005211
005213
005216
005218
005221
005225
005226
005227
005228
005232
005233
005234
005235
005237
005238
005240
005241
005243
005247
005249
005250
005251
005252
005255
005256
005261
005265
005266
005271
005272
005275
005276
005277
005279
005280
005282
005284
005286
005287
005289
005291
005294
005295
005296
005299
005300
005301
005302
005308
005309
005313
005316
005317
005321
005322
005323
005324
005329
005330
005332
005333
005334
005335
005339
005341
005342
005347
005353
005354
005356
005357
005359
005361
005362
005364
005366
005372
005375
005376
005377
005381
005382
005386
005390
005392
005394
005399
005400
005401
005402
005403
005409
005411
005412
005415
005422
005425
005426
005427
005428
005432
005435
005437
005442
005443
005444
005446
005447
005449
005452
005456
005458
005459
005460
005462
005463
005464
005466
005468
005472
005473
005474
005476
005477
005479
005480
005482
005484
005488
005490
005491
005492
005493
005494
005495
005498
005500
005501
005502
005503
005504
005505
005506
005512
005513
005516
005520
005523
005525
005528
005529
005532
005533
005534
005537
005538
005540
005543
005545
005546
005548
005551
005553
005555
005556
005557
005558
005560
005561
005562
005564
005565
005567
005569
005570
005571
005572
005575
005578
005580
005581
005587
005589
005594
005595
005596
005597
005598
005602
005604
005607
005610
005612
005616
005617
005619
005621
005622
005623
005626
005627
005628
005632
005633
005634
005635
005638
005642
005643
005646
005649
005650
005651
005656
005659
005661
005663
005665
005666
005667
005670
005671
005673
005675
005677
005678
005681
005683
005684
005688
005689
005690
005691
005692
005694
005698
005703
005706
005707
005708
005709
005711
005712
005717
005720
005721
005722
005724
005725
005726
005727
005733
005734
005737
005739
005744
005745
005746
005748
005750
005751
005753
005754
005758
005759
005763
005766
005767
005770
005771
005772
005774
005775
005776
005777
005778
005785
005787
005792
005793
005795
005797
005798
005800
005801
005802
005804
005807
005808
005809
005810
005816
005820
005822
005823
005827
005832
005833
005834
005835
005837
005842
005844
005846
005847
005848
005849
005855
005857
005858
005862
005865
005866
005869
005870
005871
005872
005876
005880
005882
005883
005886
005887
005890
005891
005892
005896
005898
005900
005902
005904
005907
005913
005915
005916
005921
005922
005924
005925
005926
005927
005929
005931
005932
005933
005934
005935
005936
005937
005939
005941
005942
005943
005944
005945
005946
005949
005950
005953
005955
005957
005958
005959
005962
005965
005966
005967
005969
005972
005973
005974
005976
005977
005978
005982
005986
005987
005993
005994
005997
005999
006002
006003
006006
006007
006008
006010
006013
006014
006015
006016
006017
006019
006021
006022
006024
006031
006032
006034
006036
006037
006039
006040
006044
006047
006048
006049
006050
006051
006052
006053
006054
006056
006057
006059
006060
006063
006064
006068
006072
006075
006076
006077
006080
006081
006082
006083
006085
006086
006087
006090
006092
006093
006094
006099
006101
006102
006106
006109
006110
006112
006113
006114
006115
006116
006118
006119
006121
006122
006126
006127
006132
006137
006138
006142
006143
006144
006145
006147
006149
006152
006154
006155
006157
006160
006164
006165
006167
006168
006169
006173
006178
006182
006186
006191
006192
006193
006194
006195
006197
006199
006200
006204
006205
006207
006211
006213
006217
006226
006227
006228
006231
006232
006237
006239
006242
006244
006245
006246
006248
006253
006255
006256
006257
006263
006265
006266
006268
006271
006273
006274
006278
006280
006283
006287
006288
006292
006293
006294
006297
006298
006302
006303
006307
006308
006310
006311
006312
006313
006315
006316
006317
006322
006324
006326
006327
006328
006331
006332
006333
006334
006336
006340
006342
006343
006345
006347
006354
006356
006358
006359
006360
006361
006364
006365
006368
006370
006372
006373
006376
006378
006379
006380
006383
006384
006386
006388
006389
006390
006393
006394
006397
006399
006401
006402
006403
006405
006406
006407
006408
006410
006412
006413
006414
006415
006416
006420
006422
006423
006426
006431
006432
006435
006439
006441
006446
006451
006452
006453
006454
006457
006460
006461
006464
006467
006469
006471
006477
006478
006479
006481
006485
006487
006489
006490
006491
006493
006494
006496
006498
006500
006502
006504
006505
006508
006510
006511
006513
006514
006516
006517
006518
006521
006522
006525
006526
006527
006528
006531
006533
006535
006537
006539
006540
006541
006544
006545
006546
006552
006554
006555
006557
006558
006559
006561
006563
006566
006567
006568
006571
006573
006574
006577
006579
006580
006581
006582
006586
006589
006590
006591
006592
006594
006596
006598
006600
006601
006604
006607
006608
006613
006614
006615
006616
006620
006623
006624
006629
006630
006633
006634
006639
006640
006641
006642
006644
006646
006649
006650
006651
006653
006655
006656
006659
006662
006663
006665
006669
006672
006675
006676
006680
006683
006685
006686
006688
006691
006692
006693
006700
006701
006705
006710
006711
006712
006713
006715
006716
006717
006720
006721
006723
006724
006728
006729
006732
006733
006737
006741
006742
006743
006744
006745
006746
006749
006750
006752
006754
006756
006757
006758
006763
006764
006767
006770
006771
006774
006775
006776
006778
006779
006780
006785
006787
006788
006790
006791
006792
006793
006795
006796
006798
006801
006804
006807
006809
006811
006812
006815
006816
006817
006818
006820
006823
006826
006830
006831
006832
006834
006837
006843
006846
006851
006853
006854
006856
006857
006861
006863
006870
006871
006872
006873
006875
006877
006879
006881
006882
006885
006888
006889
006890
006891
006894
006895
006897
006898
006901
006902
006904
006905
006906
006907
006913
006915
006920
006921
006923
006925
006926
006927
006928
006929
006936
006937
006938
006941
006942
006946
006951
006954
006955
006957
006960
006961
006964
006967
006969
006970
006973
006974
006975
006977
006978
006979
006980
006982
006984
006985
006986
006991
006992
006993
006996
006997
006998
006999
007000
007001
007005
007010
007012
007013
007014
007015
007017
007019
007024
007026
007027
007028
007030
007032
007034
007037
007041
007043
007044
007047
007051
007053
007055
007057
007060
007061
007063
007066
007067
007069
007076
007081
007082
007083
007085
007087
007091
007094
007096
007098
007099
007102
007103
007106
007107
007110
007111
007112
007115
007116
007118
007119
007120
007124
007126
007127
007131
007134
007135
007136
007137
007142
007143
007145
007151
007155
007156
007157
007158
007160
007161
007164
007169
007170
007171
007173
007175
007176
007178
007179
007181
007183
007186
007188
007190
007192
007195
007196
007198
007199
007201
007202
007203
007206
007207
007209
007218
007220
007221
007225
007226
007228
007229
007231
007232
007233
007235
007237
007238
007239
007240
007242
007246
007248
007251
007252
007253
007254
007255
007257
007262
007264
007265
007267
007268
007269
007272
007273
007277
007278
007281
007282
007286
007287
007288
007290
007291
007293
007301
007303
007304
007306
007307
007309
007310
007312
007313
007315
007316
007317
007319
007320
007321
007324
007326
007328
007331
007332
007333
007335
007337
007338
007339
007340
007341
007342
007345
007347
007348
007349
007352
007353
007354
007355
007357
007358
007360
007362
007364
007366
007367
007368
007371
007377
007378
007379
007380
007382
007384
007386
007387
007391
007392
007393
007395
007397
007399
007400
007401
007402
007403
007404
007405
007406
007407
007409
007412
007415
007418
007420
007423
007426
007428
007429
007430
007434
007440
007441
007442
007444
007447
007450
007452
007453
007455
007456
007459
007462
007463
007464
007469
007471
007472
007473
007476
007478
007485
007487
007488
007492
007494
007495
007496
007499
007500
007501
007502
007504
007505
007507
007508
007509
007510
007512
007514
007515
007516
007518
007520
007522
007529
007531
007532
007534
007539
007541
007542
007545
007548
007549
007550
007552
007553
007554
007556
007557
007560
007561
007562
007564
007567
007569
007573
007574
007577
007580
007581
007582
007583
007584
007587
007588
007589
007591
007593
007595
007596
007597
007598
007599
007602
007604
007607
007608
007609
007610
007613
007616
007617
007620
007623
007625
007627
007628
007630
007632
007634
007635
007636
007638
007641
007643
007644
007645
007646
007648
007651
007652
007658
007659
007660
007661
007665
007669
007674
007676
007681
007684
007686
007689
007690
007693
007695
007698
007700
007701
007703
007706
007707
007708
007710
007711
007714
007716
007717
007719
007722
007725
007726
007728
007730
007733
007734
007737
007738
007739
007741
007744
007747
007750
007752
007755
007756
007757
007759
007761
007764
007766
007769
007770
007771
007774
007778
007780
007782
007783
007784
007785
007787
007788
007789
007792
007794
007796
007797
007800
007801
007802
007804
007805
007806
007807
007808
007811
007816
007817
007818
007822
007823
007825
007827
007828
007829
007830
007832
007835
007837
007839
007842
007844
007846
007848
007849
007850
007851
007852
007858
007860
007861
007862
007866
007867
007870
007871
007874
007875
007879
007880
007881
007882
007887
007888
007891
007892
007893
007894
007895
007896
007903
007904
007906
007907
007912
007913
007917
007918
007922
007927
007929
007930
007934
007936
007937
007938
007941
007942
007944
007945
007948
007949
007951
007952
007955
007957
007960
007961
007962
007965
007966
007967
007969
007972
007973
007975
007977
007978
007981
007982
007983
007985
007986
007988
007989
007990
007992
007993
007994
007995
008000
008003
008006
008007
008010
008011
008013
008014
008015
008016
008018
008020
008021
008022
008025
008027
008028
008030
008034
008035
008038
008039
008041
008045
008046
008047
008050
008052
008054
008055
008056
008058
008059
008065
008066
008070
008071
008073
008074
008077
008078
008080
008081
008088
008089
008090
008092
008094
008097
008099
008102
008104
008109
008110
008111
008113
008114
008118
008119
008120
008123
008124
008126
008128
008129
008131
008133
008134
008135
008136
008143
008145
008146
008147
008148
008149
008152
008153
008154
008155
008156
008157
008158
008161
008162
008165
008167
008170
008172
008176
008178
008179
008181
008182
008183
008184
008185
008187
008192
008193
008194
008195
008196
008198
008201
008205
008206
008207
008210
008212
008214
008215
008217
008219
008221
008227
008228
008230
008231
008233
008234
008237
008238
008239
008240
008242
008243
008245
008246
008247
008249
008255
008256
008257
008259
008264
008265
008266
008267
008270
008271
008273
008274
008276
008277
008278
008283
008286
008287
008288
008289
008290
008291
008298
008303
008304
008305
008308
008309
008314
008321
008324
008325
008328
008330
008331
008333
008334
008337
008339
008340
008343
008344
008347
008348
008350
008352
008353
008354
008356
008357
008358
008361
008362
008363
008366
008367
008369
008371
008373
008375
008377
008378
008379
008380
008382
008383
008389
008392
008393
008394
008395
008396
008399
008400
008401
008402
008404
008405
008406
008407
008408
008411
008412
008414
008417
008418
008419
008420
008421
008428
008431
008432
008435
008436
008439
008440
008441
008446
008447
008448
008451
008455
008457
008458
008459
008460
008463
008464
008469
008471
008473
008474
008476
008479
008480
008481
008486
008487
008488
008489
008490
008491
008493
008496
008497
008500
008501
008504
008505
008507
008508
008510
008511
008515
008516
008520
008525
008527
008528
008531
008532
008537
008538
008539
008540
008543
008544
008545
008546
008547
008548
008551
008552
008554
008555
008560
008561
008563
008565
008566
008567
008569
008570
008571
008574
008575
008577
008578
008579
008580
008583
008589
008590
008591
008593
008594
008597
008598
008599
008600
008603
008605
008609
008611
008613
008614
008616
008619
008622
008623
008625
008626
008627
008629
008630
008631
008632
008634
008637
008640
008641
008642
008643
008646
008648
008649
008650
008651
008652
008656
008657
008658
008659
008660
008661
008662
008664
008666
008668
008669
008671
008672
008673
008674
008675
008677
008678
008679
008681
008682
008684
008685
008686
008689
008693
008694
008696
008697
008700
008703
008704
008705
008707
008708
008711
008712
008714
008715
008719
008721
008724
008726
008729
008734
008735
008736
008737
008740
008743
008745
008746
008751
008754
008758
008761
008762
008763
008765
008767
008774
008777
008778
008779
008780
008781
008782
008785
008786
008787
008788
008789
008791
008792
008795
008797
008798
008800
008802
008803
008804
008807
008808
008812
008816
008818
008820
008821
008824
008825
008827
008828
008829
008830
008832
008834
008839
008842
008844
008845
008846
008850
008851
008852
008853
008855
008857
008860
008861
008863
008864
008866
008868
008869
008870
008875
008877
008881
008882
008887
008889
008893
008894
008895
008896
008897
008898
008899
008901
008902
008903
008904
008906
008907
008908
008910
008912
008915
008916
008918
008922
008924
008925
008928
008934
008935
008937
008938
008941
008945
008946
008947
008949
008950
008952
008954
008956
008957
008959
008963
008964
008972
008974
008977
008981
008984
008986
008990
008991
008992
008993
008994
008996
008998
009001
009003
009008
009009
009010
009011
009012
009013
009014
009017
009021
009023
009025
009026
009028
009030
009031
009033
009038
009040
009041
009043
009044
009046
009047
009050
009052
009054
009055
009056
009057
009061
009062
009065
009067
009069
009070
009071
009074
009075
009076
009077
009081
009082
009083
009084
009088
009090
009092
009093
009095
009096
009097
009101
009102
009103
009104
009107
009109
009110
009111
009115
009118
009119
009120
009122
009124
009125
009127
009130
009132
009134
009135
009137
009139
009140
009142
009143
009145
009146
009149
009152
009154
009156
009158
009164
009165
009167
009169
009170
009171
009172
009176
009182
009183
009188
009190
009198
009199
009201
009203
009204
009206
009207
009210
009211
009216
009217
009219
009220
009222
009223
009225
009226
009228
009229
009231
009232
009233
009234
009235
009237
009240
009241
009243
009248
009253
009256
009257
009258
009260
009261
009262
009263
009264
009265
009266
009267
009274
009275
009276
009277
009280
009284
009292
009293
009294
009297
009298
009300
009301
009302
009304
009305
009310
009311
009313
009314
009317
009319
009320
009321
009322
009328
009329
009332
009335
009338
009340
009341
009344
009345
009346
009352
009353
009355
009356
009357
009360
009361
009363
009364
009366
009367
009369
009370
009372
009376
009379
009380
009381
009383
009384
009385
009387
009390
009391
009395
009396
009397
009399
009400
009402
009403
009404
009415
009416
009423
009425
009426
009427
009428
009430
009431
009435
009436
009441
009442
009444
009447
009449
009450
009451
009452
009453
009462
009467
009471
009473
009474
009475
009478
009482
009483
009485
009486
009487
009489
009492
009493
009495
009498
009501
009503
009505
009506
009509
009510
009511
009513
009514
009521
009522
009525
009529
009530
009534
009535
009536
009538
009539
009544
009547
009548
009552
009553
009554
009555
009556
009559
009561
009563
009564
009569
009570
009572
009574
009575
009578
009581
009582
009583
009589
009590
009592
009593
009594
009595
009599
009601
009602
009604
009606
009607
009608
009610
009612
009616
009622
009624
009625
009626
009628
009630
009631
009632
009633
009635
009639
009640
009642
009643
009645
009646
009648
009651
009652
009653
009657
009660
009661
009662
009663
009665
009669
009672
009673
009674
009675
009677
009680
009682
009683
009688
009689
009690
009694
009696
009697
009701
009704
009705
009708
009714
009715
009716
009720
009722
009723
009725
009727
009728
009730
009731
009736
009739
009740
009741
009742
009744
009750
009751
009752
009753
009757
009759
009760
009765
009766
009768
009769
009770
009771
009775
009777
009779
009782
009783
009784
009786
009787
009788
009791
009793
009795
009798
009799
009802
009803
009804
009806
009811
009812
009814
009815
009817
009818
009820
009821
009824
009826
009827
009829
009835
009837
009838
009840
009843
009844
009846
009847
009849
009850
009853
009854
009856
009857
009861
009864
009866
009871
009873
009875
009876
009883
009885
009888
009889
009890
009891
009892
009893
009895
009899
009901
009903
009906
009907
009909
009910
009912
009914
009915
009916
009919
009921
009922
009924
009925
009927
009928
009929
009930
009931
009933
009934
009936
009937
009941
009943
009948
009951
009952
009953
009956
009957
009960
009962
009963
